{"openings": [["3SaQuogc8FJfdi6bkgPUWK", {"T": [[0.9973200786421739, 6.123233995736765e-17, 0.07316188035560504, -1.9396321862636647], [-5.658836897187158e-17, 1.0, -6.554811523158092e-17, 1.5399999999999991], [-0.07316188035560503, 6.123233995736766e-17, 0.9973200786421741, 2.2880965947396343], [0.0, 0.0, 0.0, 1.0]], "S": [0.20165887213910283, 1.8200000000000003, 1.9488180724058835]}], ["0atnRh1$RUHOT5URtc6AQs", {"T": [[0.9973200786421739, 6.123233995736765e-17, 0.07316188035560504, -1.939632186263665], [-5.658836897187158e-17, 1.0, -6.554811523158092e-17, 3.3600000000499985], [-0.07316188035560503, 6.123233995736766e-17, 0.9973200786421741, 2.288096594739635], [0.0, 0.0, 0.0, 1.0]], "S": [0.20165887213910327, 1.8200000000000003, 1.9488180724058835]}], ["2g1P9XhAPeIfJefDtSJOnd", {"T": [[0.9973200786421739, 6.123233995736765e-17, 0.07316188035560504, -1.939632186263665], [-5.658836897187158e-17, 1.0, -6.554811523158092e-17, 5.1829436933399995], [-0.07316188035560503, 6.123233995736766e-17, 0.9973200786421741, 2.288096594739635], [0.0, 0.0, 0.0, 1.0]], "S": [0.20165887213910327, 1.8200000000000003, 1.9488180724058837]}], ["1SzVGTSYm1Gfe3prZmuef8", {"T": [[0.9973200786421739, 6.123233995736765e-17, 0.07316188035560504, -1.9396321862636647], [-5.658836897187158e-17, 1.0, -6.554811523158092e-17, 7.002943693339999], [-0.07316188035560503, 6.123233995736766e-17, 0.9973200786421741, 2.2880965947396343], [0.0, 0.0, 0.0, 1.0]], "S": [0.20165887213910283, 1.8200000000000003, 1.9488180724058832]}], ["3MR2v5h7fyIwyUF5BWKOeI", {"T": [[0.9973200786421739, 6.123233995736765e-17, 0.07316188035560504, -1.9396321862636647], [-5.658836897187158e-17, 1.0, -6.554811523158092e-17, 8.82294369334], [-0.07316188035560503, 6.123233995736766e-17, 0.9973200786421741, 2.2880965947396343], [0.0, 0.0, 0.0, 1.0]], "S": [0.20165887213910283, 1.8200000000000003, 1.9488180724058835]}], ["2BMmOU5GAzGAJuk2p8M4uK", {"T": [[0.9973200786421739, 6.123233995736765e-17, 0.07316188035560504, -1.9396321862636645], [-5.658836897187158e-17, 1.0, -6.554811523158092e-17, 10.642943693339], [-0.07316188035560503, 6.123233995736766e-17, 0.9973200786421741, 2.2880965947396343], [0.0, 0.0, 0.0, 1.0]], "S": [0.20165887213910327, 1.8200000000000003, 1.9488180724058835]}], ["3XBd7rNBQfHAvElqOBZuZ7", {"T": [[-1.0, 1.8369701987210297e-16, -0.0, 5.4967424964900005], [1.8369701987210297e-16, 1.0, 0.0, 9.878480300902], [-0.0, -0.0, -1.0, 1.0715], [0.0, 0.0, 0.0, 1.0]], "S": [0.23800000000000043, 1.2690393981899994, 2.143]}], ["0fIPTm9ozUJATVFKeVpDva", {"T": [[1.0, 0.0, -1.8369701987210297e-16, 5.4967424964900005], [-1.8369701987210297e-16, -0.0, -1.0, 0.26436229609500017], [0.0, 1.0, 0.0, 1.0715], [0.0, 0.0, 0.0, 1.0]], "S": [0.23800000000000043, 2.143, 2.4744869404100003]}]], "solids": [["0ilmgMTI4oG9jyVXyQsI8K", {"T": [[0.7947194142389418, 0.6037034299434147, -0.06295412064567521, 0.016843690551673316], [0.45883146774130695, -0.6654104630506785, -0.5888145717227448, 0.15754029024143543], [-0.3973597071194708, 0.43905703995863465, -0.8058127442654964, -0.7844007609383521], [0.0, 0.0, 0.0, 1.0]], "S": [0.7947194142389415, 0.8781140799172694, 1.0765154630419616]}], ["3EIgl5c1T5ZupE4wIOmYB2", {"T": [[-0.0009883220876981355, -0.9999995116096063, -0.0, 3.1838445215811593], [-0.9999995116096061, 0.0009883220876981352, -0.0, 8.19863165358891], [-0.0, -0.0, -1.0, 1.25], [0.0, 0.0, 0.0, 1.0]], "S": [0.0600000000000005, 1.2570321366500004, 2.5]}], ["2C$RviKUDEOevtMvujezLr", {"T": [[-0.9999279346223917, 0.012005230601604867, -0.0, 3.771227230111836], [0.012005230601604867, 0.9999279346223919, 0.0, 7.298437640339225], [-0.0, -0.0, -1.0, 1.25], [0.0, 0.0, 0.0, 1.0]], "S": [0.06000000000000005, 1.8599999999999994, 2.5]}], ["1IvXBvzuL1wOe_6do85qRC", {"T": [[0.012005230601605492, 0.9999279346223916, 0.0, 3.490441980221331], [0.9999279346223917, -0.012005230601605492, 0.0, 6.401743911439153], [-0.0, -0.0, -1.0, 1.25], [0.0, 0.0, 0.0, 1.0]], "S": [0.0600000000000005, 0.6000000000000001, 2.5]}], ["0ilmgMTI4oG9jyVXyQsI8K", {"T": [[0.7947194142389418, 0.6037034299434147, -0.06295412064567521, 0.016843690551673316], [0.45883146774130695, -0.6654104630506785, -0.5888145717227448, 0.15754029024143543], [-0.3973597071194708, 0.43905703995863465, -0.8058127442654964, -0.7844007609383521], [0.0, 0.0, 0.0, 1.0]], "S": [0.7947194142389415, 0.8781140799172694, 1.0765154630419616]}], ["3cvyzU72P3LhGtBdnwx098", {"T": [[-0.009625009374753754, -0.9999536785244284, -0.0, 3.4379648530055777], [-0.9999536785244283, 0.009625009374753754, -0.0, 6.9354849726993155], [-0.0, -0.0, -1.0, 1.25], [0.0, 0.0, 0.0, 1.0]], "S": [0.0600000000000005, 0.5979065753460007, 2.5]}], ["0ilmgMTI4oG9jyVXyQsI8K", {"T": [[0.7947194142389418, 0.6037034299434147, -0.06295412064567521, 0.016843690551673316], [0.45883146774130695, -0.6654104630506785, -0.5888145717227448, 0.15754029024143543], [-0.3973597071194708, 0.43905703995863465, -0.8058127442654964, -0.7844007609383521], [0.0, 0.0, 0.0, 1.0]], "S": [0.7947194142389415, 0.8781140799172694, 1.0765154630419616]}], ["0RGsnjulz1VQqAJGZaWRmo", {"T": [[-0.009625009374753787, -0.9999536785244284, 1.2304836901618405e-16, 3.4420690015055784], [-0.9999536785244285, 0.009625009374753787, 6.005077989277258e-17, 7.277323698999315], [-6.123233995736765e-17, -1.2246467991473532e-16, -1.0, 1.25], [0.0, 0.0, 0.0, 1.0]], "S": [0.0600000000000005, 0.5979065753459998, 2.5]}], ["1YsCMyXdhdIvoDZp$qAOsf", {"T": [[-1.2246467991473532e-16, -0.0, -1.0, 1.57237311363], [-1.0, -0.0, 1.2246467991473532e-16, -2.1391535759], [0.0, 1.0, 0.0, 1.7499999999999998], [0.0, 0.0, 0.0, 1.0]], "S": [0.20000000000000018, 4.1, 8.04873876572]}], ["0M0MEzz7kpIhKqjRf2chBD", {"T": [[-0.0, -1.0, -0.0, -2.155644149776], [-1.0, -0.0, -0.0, 0.5170312881470001], [-0.0, -0.0, -1.0, 1.7499999999999998], [0.0, 0.0, 0.0, 1.0]], "S": [0.19999999999999996, 0.5927042388919999, 4.1]}], ["2UsgsX4zQQJPj9UVdMdBeI", {"T": [[-1.0, -6.123233995736766e-17, -0.0, -2.3519962692300003], [-6.123233995736766e-17, 1.0, 0.0, -0.8110611438730001], [-0.0, -0.0, -1.0, 1.7499999999999998], [0.0, 0.0, 0.0, 1.0]], "S": [0.20000000000000018, 2.85618486404, 4.1]}], ["0UiIX4yHbBHB8BnPIliual", {"T": [[-1.0, -0.0, 6.123233995736766e-17, -1.9592920303299999], [6.123233995736766e-17, 0.0, 1.0, 6.0909863472499985], [0.0, 1.0, 0.0, 1.7499999999999998], [0.0, 0.0, 0.0, 1.0]], "S": [0.19999999999999996, 4.1, 11.3479101181]}], ["0JKPe_kEQRHBRWIDGo94Or", {"T": [[1.0, 0.0, 6.123233995736766e-17, 5.4967424964900005], [6.123233995736766e-17, -0.0, -1.0, 4.65542321205], [0.0, 1.0, 0.0, 1.7499999999999998], [0.0, 0.0, 0.0, 1.0]], "S": [0.20000000000000018, 4.1, 13.789153575899999]}], ["2ql7zZORzjGRVqu54Ekzoi", {"T": [[1.2246467991473532e-16, 1.0, 0.0, -1.4450000000000003], [1.0, -1.2246467991473532e-16, 0.0, 4.47], [-0.0, -0.0, -1.0, 1.75], [0.0, 0.0, 0.0, 1.0]], "S": [0.35999999999999943, 0.5500000000000003, 3.5]}], ["1hybYvEOJcIwd5v2VoGlM8", {"T": [[1.2246467991473532e-16, 1.0, 0.0, 4.87115414087], [1.0, -1.2246467991473532e-16, 0.0, 4.47692292956], [-0.0, -0.0, -1.0, 1.75], [0.0, 0.0, 0.0, 1.0]], "S": [0.35999999999999943, 0.5500000000000007, 3.5]}], ["0gxlHYP5w1IB6ywjAjktC7", {"T": [[0.0, 0.0, 1.0, 1.676322576655], [1.0, 0.0, 0.0, 11.664941406299999], [0.0, 1.0, 0.0, 1.7499999999999998], [0.0, 0.0, 0.0, 1.0]], "S": [0.1999999999999993, 4.1, 7.47122921397]}], ["3fBZdU$SVZHAEFaKfWKvib", {"T": [[1.2246467991473532e-16, 1.0, 0.0, -1.4450000250300001], [1.0, -1.2246467991473532e-16, 0.0, 11.6693035889], [-0.0, -0.0, -1.0, 1.75], [0.0, 0.0, 0.0, 1.0]], "S": [0.35999999999999943, 0.5500000000000003, 3.5]}], ["2t2qBo05rrIAnED7LZMxNk", {"T": [[0.0, 1.0, -6.123233995736766e-17, 1.5850000000000002], [-0.0, -6.123233995736766e-17, -1.0, 4.750000000000001], [-1.0, -0.0, -0.0, -0.15], [0.0, 0.0, 0.0, 1.0]], "S": [0.3, 7.65, 13.600000000000001]}], ["2zKULiaRRRZhjGXi_dFgFJ", {"T": [[1.2246467991473532e-16, 1.0, 0.0, -1.7059778625700002], [1.0, -1.2246467991473532e-16, 0.0, 0.869724725989], [-0.0, -0.0, -1.0, 1.7697672992945], [0.0, 0.0, 0.0, 1.0]], "S": [0.10000000000000009, 0.1499999999999999, 3.5]}], ["014u73A8hhYWUR7OsQ10Sf", {"T": [[1.2246467991473532e-16, 1.0, 0.0, -1.70597786257], [1.0, -1.2246467991473532e-16, 0.0, 0.869724725989], [-0.0, -0.0, -1.0, 1.7697672992945], [0.0, 0.0, 0.0, 1.0]], "S": [0.040000000000000036, 0.08999999999999986, 3.5]}], ["26PxkzdfiFhWaokpKjPy_I", {"T": [[1.2246467991473532e-16, 1.0, 0.0, -1.70427011816], [1.0, -1.2246467991473532e-16, 0.0, 2.67187532003], [-0.0, -0.0, -1.0, 1.7645307183266], [0.0, 0.0, 0.0, 1.0]], "S": [0.09999999999999964, 0.1499999999999999, 3.5]}], ["3eeq0J2Fy4wh208u8XMCzF", {"T": [[1.2246467991473532e-16, 1.0, 0.0, -1.70427011816], [1.0, -1.2246467991473532e-16, 0.0, 2.67187532003], [-0.0, -0.0, -1.0, 1.7645307183266], [0.0, 0.0, 0.0, 1.0]], "S": [0.040000000000000036, 0.08999999999999986, 3.5]}], ["15i5d8xHuas1YzppNrE2Yj", {"T": [[1.2246467991473532e-16, 1.0, 0.0, -1.70841904366], [1.0, -1.2246467991473532e-16, 0.0, 6.26078992057], [-0.0, -0.0, -1.0, 1.75], [0.0, 0.0, 0.0, 1.0]], "S": [0.09999999999999964, 0.1499999999999999, 3.5]}], ["2jhPuIcux2QSNk543IzbuH", {"T": [[1.2246467991473532e-16, 1.0, 0.0, -1.70841904366], [1.0, -1.2246467991473532e-16, 0.0, 6.26078992057], [-0.0, -0.0, -1.0, 1.75], [0.0, 0.0, 0.0, 1.0]], "S": [0.03999999999999915, 0.08999999999999986, 3.5]}], ["3GRry5eJDkSII7vObtZBmF", {"T": [[1.2246467991473532e-16, 1.0, 0.0, -1.70224090302], [1.0, -1.2246467991473532e-16, 0.0, 8.06652559272], [-0.0, -0.0, -1.0, 1.75], [0.0, 0.0, 0.0, 1.0]], "S": [0.10000000000000142, 0.1499999999999999, 3.5]}], ["2SA1bMSay0UHqQP5AFng_C", {"T": [[1.2246467991473532e-16, 1.0, 0.0, -1.70224090302], [1.0, -1.2246467991473532e-16, 0.0, 8.06652559272], [-0.0, -0.0, -1.0, 1.75], [0.0, 0.0, 0.0, 1.0]], "S": [0.03999999999999915, 0.08999999999999986, 3.5]}], ["0qDsRY2AGwLxYNtWWkQXTi", {"T": [[1.2246467991473532e-16, 1.0, 0.0, -1.70432170117], [1.0, -1.2246467991473532e-16, 0.0, 9.86614957381], [-0.0, -0.0, -1.0, 1.75], [0.0, 0.0, 0.0, 1.0]], "S": [0.10000000000000142, 0.1499999999999999, 3.5]}], ["29HxhziBK5SNjIEv51J5MS", {"T": [[1.2246467991473532e-16, 1.0, 0.0, -1.70432170117], [1.0, -1.2246467991473532e-16, 0.0, 9.86614957381], [-0.0, -0.0, -1.0, 1.75], [0.0, 0.0, 0.0, 1.0]], "S": [0.03999999999999915, 0.08999999999999986, 3.5]}], ["0ilmgMTI4oG9jyVXyQsI8K", {"T": [[0.7947194142389418, 0.6037034299434147, -0.06295412064567521, 0.016843690551673316], [0.45883146774130695, -0.6654104630506785, -0.5888145717227448, 0.15754029024143543], [-0.3973597071194708, 0.43905703995863465, -0.8058127442654964, -0.7844007609383521], [0.0, 0.0, 0.0, 1.0]], "S": [0.7947194142389415, 0.8781140799172694, 1.0765154630419616]}], ["0Qhx5zystiIh$7jfrFrJkI", {"T": [[-0.7485107481710976, -0.6631226582407992, -4.060455204283394e-17, 0.05945000000000006], [-5.158996700104109e-33, -6.123233995736765e-17, 1.0, 5.21932737105], [-0.6631226582407992, 0.7485107481710974, 4.583306459375625e-17, 3.17715], [0.0, 0.0, 0.0, 1.0]], "S": [0.11346662430940757, 0.11429999999999962, 15.657475024299998]}], ["3rqXLq3H82GeYp6CC_6qaD", {"T": [[-0.74851074817109, -0.6631226582408078, -4.0604552042834475e-17, 0.24104999999999988], [-2.206501015276664e-33, -6.123233995736765e-17, 1.0, 5.21932737105], [-0.6631226582408078, 0.74851074817109, 4.5833064593755795e-17, 3.16445], [0.0, 0.0, 0.0, 1.0]], "S": [0.0882518189073167, 0.08889999999999976, 15.657475024299998]}], ["24jyYIfT4QGB7u_9g2B3Of", {"T": [[0.12053668025532871, -0.9927088740980533, -3.717508258247188e-17, 0.35995000000000005], [-1.4761485965453624e-17, -3.9240490452728286e-17, 1.0, 5.21932737105], [-0.9927088740980533, -0.12053668025532871, -1.9383776563542475e-17, 3.1644499999999995], [0.0, 0.0, 0.0, 1.0]], "S": [0.08825181890731715, 0.08889999999999998, 15.657475024299998]}], ["1dq0w1efMRIPbvEWAwRaLH", {"T": [[-0.7485107481711054, -0.6631226582407903, -4.06045520428334e-17, 0.5688499999999994], [-1.36197240312064e-33, -6.123233995736766e-17, 1.0, 5.21932737105], [-0.6631226582407903, 0.7485107481711056, 4.5833064593756756e-17, 3.1644500000000004], [0.0, 0.0, 0.0, 1.0]], "S": [0.0882518189073167, 0.08889999999999976, 15.657475024299998]}], ["121K9qngDEH9P5IEcayyAU", {"T": [[-0.970941817426054, -0.23931566428754963, -1.4653858112778508e-17, 0.7477500000000001], [-1.946421276882363e-34, -6.123233995736766e-17, 1.0, 5.21932737105], [-0.23931566428754963, 0.970941817426054, 5.945303944345654e-17, 3.1644499999999995], [0.0, 0.0, 0.0, 1.0]], "S": [0.08825181890731693, 0.08889999999999976, 15.657475024299998]}], ["1eux8sgHZIHx_L8WE4Tzly", {"T": [[-0.5680647467311436, -0.8229838658936649, 1.5117968356748868e-16, 0.9066500000000004], [0.0, 1.8369701987210297e-16, 1.0, 5.21932737105], [-0.822983865893665, 0.5680647467311436, -1.0435180106891203e-16, 3.1644500000000004], [0.0, 0.0, 0.0, 1.0]], "S": [0.0882518189073167, 0.0889000000000002, 15.657475024299998]}], ["3g6$Dv0XGbGvuqcUz3bl6h", {"T": [[-0.5680647467311762, -0.8229838658936423, 1.5117968356748454e-16, 1.06972886084], [0.0, 1.8369701987210297e-16, 1.0, 5.21932737105], [-0.8229838658936423, 0.5680647467311762, -1.0435180106891803e-16, 3.169858339227], [0.0, 0.0, 0.0, 1.0]], "S": [0.0882518189073167, 0.08890000000000009, 15.657475024299998]}], ["0czSqVNqsHJ9wF52_FTrW7", {"T": [[0.0, 1.0, -6.123233995736766e-17, 1.5850000000000002], [-0.0, -6.123233995736766e-17, -1.0, 4.750000000000001], [-1.0, -0.0, -0.0, 3.65], [0.0, 0.0, 0.0, 1.0]], "S": [0.2999999999999998, 7.65, 13.600000000000001]}]]}